


oxic_vol_m3<-5.9E+12
oxy_vol_L<-oxic_vol_m3*1000
Model_area  <-2.961E+11

1.30E+06
1.06E+06
9.39E+05
2.67E+05
6.66E+05
1.63E+06
3.44E+06
9.51E+05
8.85E+05
1.22E+06
